1111111111111111111111111111311111111111
1000000000000000000000000000000000000001
1000000000000000000000000000000020000001
1000000000000000000000000000000000000001
1000002000000000000000000000000000000001
1000000000000020000000000000000000000001
1000000000000000000000000000000000000001
1000000000000111111111101110000000020001
1000000000000120000001020010000000000001
1000000000000000000001000010000000000001
3000000000000102000001111110000000000001
1000000000000111111111000000000000020001
1000000000000120000001020010000000000001
1000000000000100000001200010000000000001
1000000000000100000021000010000000000001
1000000000000111111011111110000020000001
1000000000000000000000000000000000000001
1000000000020000000000000000000000000001
1000000000000000000000000000000000000001
1111111110000111011111111110000000000001
1000000010000100001000000010000000000001
1000000010000100001000000000000000000001
1000200200000100001000000010000000000001
1101111010000111111111111110000000000001
1000000210000100001000000010000000000001
1000000010000000001000000010000000020001
1000200010000100001000000210000000000001
1000000000000111111101111110000000000001
1111111110000000000000000000000200000001
1000000000000000000000000000000000000001
1000200000000000000000000000000000000001
1000000000000000000000000000000000000003
1000000000000000000000000200000000000001
1000000000000000000000000000000000000001
3000000000000000000000000000000000000001
1000000000001101111111111110000000020001
1000002000001000000000000210000200000001
1000000000001200000000000010000000000001
1000000000001000000001000010000000000001
1111111111111111111111111111111111111111
